767494
767509
767523
767541
767554
767572
767620
767455
768202
767470
767585
767597
767609
768238
767495
718064
767542
718066
767573
767621
762329
767454
718072
767471
718076
767598
767610
768230
762347
716896
716899
716900
762353
718358
769625
718081
759518
715918
764232
763985
759531
759542
759552
715930
716921
715933
716923
763975
716925
715938
716929
764435
715944
718086
716933
759566
759576
716937
763700
716942
763237
716951
718371
716953
763674
763669
716956
759591
775734
759602
761599
761604
718384
716963
716968
716971
716973
716974
716978
716981
716985
716988
716990
716994
761644
716997
717000
775462
764156
718389
718092
768682
768664
768655
759617
718394
759834
759626
759636
774092
718404
775535
763641
775520
716007
759648
768138
769091
759654
759666
716017
769029
769042
769054
759672
759677
716023
759685
762398
715898
716898
763748
763706
716907
716906
716908
716912
715920
763990
716916
716918
716895
715929
716920
768523
716922
763980
716924
718364
716928
718085
716930
715947
716934
716936
759700
759707
716938
716939
716940
716941
716943
716944
716946
716949
718370
716955
718375
718376
716958
716960
718089
718379
718090
759747
764417
716965
759762
759772
759783
716977
716975
716979
716983
716986
716989
716991
716993
716996
716999
717001
717002
764151
715996
717004
717006
759228
759250
718392
718393
759822
759844
759835
759850
759858
718405
774344
775536
768701
759172
759870
716010
759888
759900
774514
769090
772055
759906
759914
716016
769030
769043
769055
759927
773630
759933
759942
759257
737229
737237
737246
737257
765506
737278
764054
718410
764130
718412
763336
717008
717009
768584
717011
716036
717014
717016
717020
717022
718415
763963
764249
717028
716047
716050
717032
717035
763346
716057
717039
737184
717042
718335
717046
759385
764026
759280
718419
763453
718421
763458
737158
737313
737320
716028
716067
716069
716072
717059
716075
716078
765098
716081
737344
717070
716085
716087
765451
716092
717077
717075
717089
717083
717084
717093
717097
717105
717110
717114
718445
717123
717127
717131
717133
717136
716126
717146
774440
717152
717155
717156
768173
775552
717165
775030
717174
764222
717179
763695
717185
717190
716152
717195
717198
764217
717205
718118
717214
717219
718119
763479
717236
716181
717241
717243
716187
717247
768328
717251
717254
774729
717257
717260
774744
759259
737232
764050
737242
737258
763490
737269
764059
718411
737292
763325
716032
763341
718099
717012
717015
717019
718414
764244
773647
717026
717029
717031
718103
717033
763330
717036
717040
717041
716063
717043
768598
717045
759289
769105
769118
764941
717047
717049
717052
717055
717060
716076
718020
718332
717065
737345
716084
717071
716088
717073
716091
717079
717081
717087
717091
716101
717095
717101
717108
717112
717116
717119
717121
717125
717129
717134
717135
717139
717142
774441
717150
717154
767329
717157
768174
717160
717162
717167
775029
717169
717171
764227
717176
716146
717187
717192
716153
717196
717200
763731
717202
717207
717209
717211
717216
717220
717224
717226
717235
717238
717240
763485
717245
717246
717249
768339
717252
768349
774728
716193
717258
774743
764262
764276
764269
764304
764318
766694
766721
766740
766758
767791
775511
764283
764290
764297
764311
764322
766703
766712
766730
766749
767790
771253
771578
771268
771285
771294
771306
771318
771349
771329
771340
771360
771371
771386
771396
771410
771421
771431
771441
771254
771577
771565
771553
771295
771542
771531
771350
771521
771509
771499
771488
771385
771400
771475
771463
771432
771453
772421
775763
772396
772420
774826
763539
774854
769068
763553
774813
774866
763558
774877
763563
763568
774841
716203
774902
764096
718356
718053
774799
718051
764089
774827
763970
774855
763590
774812
774865
763583
774878
763578
763573
774842
764420
774901
718054
763649
718052
774800
768779
718050
774890
718048
717262
773281
717264
717265
717268
716213
773258
773274
717273
717279
768444
773222
773232
773304
773293
717285
717290
773245
717292
773317
717296
717301
717303
717308
773330
717312
716235
716237
717318
773409
773460
767722
718453
773424
717322
717328
718123
773473
773492
717332
717334
716254
773520
717340
717343
773505
717346
717352
773535
717357
717358
716265
773439
718127
774164
774180
774947
766806
774927
766661
774475
766569
766600
766644
766620
766585
766843
764418
716206
717263
717266
717269
717270
773257
773273
717274
717277
717281
773221
773233
773305
717282
717288
773343
717294
773316
717298
717300
717306
718455
773329
717315
717316
716238
769454
717320
773407
773458
767723
716241
773422
717324
718124
773474
773490
717330
717337
716253
773522
717339
717342
718125
717350
773537
717355
718126
773437
774125
717361
774165
774181
774946
774958
774926
766788
765456
774491
766571
766602
766642
766622
766587
765461
767166
775101
769292
769279
766673
716271
775100
769294
766685
716272
716273
717367
717369
718130
717376
717373
717379
717381
717383
717387
717390
717393
717396
716296
717402
717406
765467
718326
717418
717420
768898
717426
716312
716313
766209
717431
717434
717436
717439
717441
759980
768223
717443
773363
764425
717365
717368
765591
717375
717374
717378
717380
717384
717388
718327
717392
717397
716295
717399
717404
717410
717413
717416
717421
717424
768907
716311
716314
766211
717428
717433
717435
717438
717440
766555
768222
717442
773362
773023
717445
717447
717452
716337
765164
717456
717459
717460
717463
717465
717469
717473
769372
717480
769389
717483
769402
769418
764949
765176
764760
768469
716359
717491
718141
717492
769467
769346
717497
769358
717498
769443
717501
769431
764794
765099
717502
772168
776081
772178
772596
717510
776066
717513
776060
717515
772609
717517
717519
776073
776052
717522
772583
717524
760002
772354
770611
737433
768253
764958
764963
772340
759271
765101
765472
764803
764808
764819
764829
764839
764863
764879
764891
764900
764910
764915
764921
764932
775302
775365
767810
773062
773024
764853
716328
716331
717446
717450
717453
716339
717458
717461
717462
717466
717468
717472
769373
717479
717481
769388
717484
769403
769405
717486
775990
764766
717488
717489
717490
768066
768477
717493
769345
717495
769359
760013
769444
717499
769430
760024
764781
772140
772167
717504
772151
772597
717508
717511
717514
772610
717516
717518
717520
718142
718143
718144
772582
718146
772208
772355
718148
765444
716390
716391
716392
764646
772564
764637
768265
764632
765100
772193
718149
718150
764627
764622
765150
764798
764814
764834
764824
764848
764868
764874
764885
765106
764905
764927
764937
775314
767811
767801
760046
773047
766875
760063
767838
773656
760074
760080
716414
760101
760112
716419
716421
716424
774614
765476
760167
716427
716431
716433
760187
760196
716440
716442
760226
760236
716449
718155
716453
767857
767868
716456
760283
716460
760301
760315
716466
760330
716470
716402
716404
716405
716407
716409
760426
716413
760440
760452
716420
716422
760473
760481
716426
716428
760496
716434
760512
716437
760535
716441
716443
760558
760568
716448
716450
760599
763712
760606
760619
716457
716459
716461
760398
760384
760375
760369
716471
760358
763498
775773
763502
763507
763512
763517
763522
763527
763532
766336
763354
763663
716484
763626
775825
763361
716490
763367
716495
774704
763304
763372
763720
763384
716499
763392
763400
763408
763419
718164
763424
763429
763434
763439
764032
775637
718165
774672
774685
774658
772501
718046
772513
771667
771673
773013
767751
767760
767768
775752
775774
766337
716481
766988
716485
763621
763314
716491
763309
716494
774703
759418
759416
763299
763377
716500
763294
763286
763275
763267
763259
763251
718041
763246
763447
764037
775636
718166
760635
774671
760643
718173
775610
718045
760650
773012
767750
767759
767767
760686
760693
772132
772125
772118
760812
760814
764081
760801
760794
764072
760782
760774
764068
760765
760756
759142
764193
760746
760738
764185
764181
760726
760718
764173
717553
717560
764165
717565
772107
717568
772487
765920
717525
765978
717530
765941
771706
765995
717533
765958
717536
766012
766029
766046
717539
717541
717543
717547
766062
766138
766170
771690
766185
766112
766153
717554
717566
772133
772126
772119
760869
764085
760971
760959
764076
760951
760941
764064
760932
760921
759165
764197
760911
760900
764189
764177
760892
717558
764169
717549
717557
764161
717562
772092
760706
772488
765922
760828
765976
717528
765943
771721
765993
717532
765960
717535
766010
766027
766044
717537
717544
717546
766060
766096
766124
771691
766184
766110
766167
761016
717570
773880
760987
773890
717573
773869
761003
718204
773904
773953
773916
773927
717578
717580
717583
717585
717587
774054
717592
773974
773995
774011
717595
774031
717601
717606
773939
717571
718496
774204
717572
773870
718499
773906
773954
774067
716551
716554
717582
717099
774053
717590
773975
773996
774012
717597
774032
717599
717603
764106
763995
764430
764101
717608
717610
717612
761070
716571
717613
716573
717614
770599
768297
768283
770587
770012
770024
770036
770354
770048
770331
770544
770061
770556
770076
770089
770103
770116
769895
769880
769866
769847
770385
769831
769819
769984
769806
769788
717617
717620
717625
770578
717628
717631
717633
717635
717638
717640
717646
717650
717654
717659
773154
717667
717672
773193
761128
761141
761152
761165
761177
769701
761191
769772
772857
772872
761206
772887
761220
765477
717684
772903
765486
718469
772917
717692
772932
772953
716142
716143
769758
772966
771603
767883
767896
767925
767942
767970
767984
767998
768012
768026
768041
770598
770315
770303
770588
770215
770229
770243
770353
770259
770332
770545
770275
770555
770290
770200
770187
770141
770129
769965
769911
769867
769926
770401
770386
769941
769953
769983
769807
770000
717615
717622
770568
717624
770579
717627
717630
764137
717634
717637
717642
717644
717649
717653
717657
717661
773179
717663
717664
717669
764146
773194
761342
761356
718210
761374
769702
769722
717673
775795
772858
772873
717674
717675
772888
717676
717678
717682
772902
717685
772918
717686
772933
772954
717694
769744
718047
772967
771618
769136
769150
767898
767910
767940
767955
767986
768000
768014
768028
768055
771826
717696
718219
717701
717703
718227
717706
717709
716632
771845
717711
717713
717715
717717
717719
717720
717721
771863
717723
771877
717727
771898
717729
771915
718251
775936
717733
771939
717735
716659
766505
718259
716663
717740
717742
717744
716670
718266
718267
717750
717752
717755
717758
717760
717763
717765
716689
717769
761455
716694
759427
761482
717776
717777
764583
717779
771969
718291
769496
718292
768643
717787
717790
772437
716714
772455
718500
768969
717794
716720
717797
775155
717798
775261
717799
717800
717801
775137
717804
775183
716733
775120
717806
716738
716739
775225
767812
717818
767351
717819
717823
767367
717825
717827
771808
771767
772011
772024
771825
717697
717699
718221
718223
718226
716626
718229
718232
717710
771846
718235
718238
718240
718243
718242
718245
771864
717724
771879
718247
771897
718249
771914
717731
771925
718253
771938
774327
718256
766493
716660
718258
769248
769195
761526
718262
717746
718265
716674
764604
717751
717753
718275
718479
718277
718280
717766
759422
761541
761552
764598
764590
767827
718284
765153
764572
764578
718287
771954
718290
764567
764671
761500
717788
718296
772438
772527
772454
718297
768968
775165
717795
716719
718300
718302
775156
718304
718308
775249
775239
718310
775136
718312
775184
718314
775121
718315
717807
764754
717809
717816
765171
767053
767350
765265
765273
717821
737529
767366
717824
717826
768626
771807
717828
717829
771997
771981
772025
717831
773712
761844
773723
717836
717839
716760
717143
717844
773736
717850
717851
717854
767233
773743
773749
717857
717858
717863
716784
766851
716788
717864
761675
718466
717875
769513
717879
717881
716800
717888
717893
717897
717903
717906
717909
717915
717922
716819
717926
717929
717934
717940
716829
775689
716834
717945
763683
776020
773774
717956
773785
767678
716841
717958
773795
773807
717832
773711
737504
773724
717833
717838
717842
717843
717846
773737
717847
717853
716775
716776
716778
717859
717862
717865
717867
717871
717848
764001
737152
717872
717877
716797
717884
717885
717887
717894
717896
717898
716810
717907
717912
717914
764021
717924
717925
717930
717933
717942
717943
775690
763689
776019
717951
773773
765501
773784
763616
717957
773796
773798
772689
774411
774444
717962
717966
774373
717968
761734
718488
717770
718102
718492
717977
717660
768984
718151
717983
774359
717992
717995
718147
718320
763468
718014
768978
718016
772711
774389
774445
717960
717963
774372
716847
717970
761851
717975
717972
761761
718493
717978
716857
717980
761776
774358
717986
717989
718002
718008
718012
716891
718321
716875
718017
718018
801232
801237
801239
801243
801245
801250
801255
801261
801269
806774
806751
826150
801286
801284
801289
817213
818158
813058
813079
818549
818159
825534
825570
818553
818161
824754
824715
813333
818190
818163
824108
824203
825360
825334
824024
824226
824044
824180
824679
824122
824697
824164
816966
816450
816464
816419
816480
816401
816494
816383
816509
822504
818176
819038
819047
818178
818202
818582
818204
818584
818200
818579
818586
818206
818576
818577
818573
818194
819051
819048
819053
819054
819186
819059
819056
819183
819185
819063
819060
819180
819181
825787
825767
821286
821297
822607
822618
821308
821320
821334
821344
821355
822961
821366
822972
826548
826536
826880
826892
825221
825235
825210
821428
825399
825418
822992
823002
821437
823011
819910
821461
821476
821837
822670
822684
822747
822768
822800
822823
822849
822894
801230
801234
801240
801241
801246
801247
801256
801259
801265
801267
820071
806574
820202
801277
801279
801282
801288
817198
818157
813048
813068
825018
818550
818160
825531
825549
825572
818554
818162
824752
824734
824717
813316
818191
818165
824105
824205
825359
825337
824021
824232
824042
824183
824677
824125
824695
824166
816967
816446
816432
816418
826356
816481
816400
816495
816382
816510
816364
818177
819045
819046
818179
818203
818581
818205
818583
818201
818580
818585
824917
818207
818575
818196
818578
818574
818195
819050
819049
819052
819055
819187
819058
819057
819182
819184
819062
819061
819179
820854
825784
821287
821298
822608
822619
821309
821319
821333
821345
821356
822962
821367
822973
826507
826537
826925
826903
825197
825248
825216
821429
825397
825416
822993
823003
821438
823012
820847
826277
826281
822705
822726
822769
822801
822824
822850
822895
816994
817007
817019
817029
817741
817743
817745
817404
817746
823649
823636
817143
817152
823866
823778
817370
817755
817372
817757
817374
817376
823588
817759
817382
817384
817761
817386
817763
817388
817765
817390
817767
817769
817771
817392
817773
817394
823401
823418
817779
817781
826613
826595
817785
826651
826629
817789
819634
827314
827299
801290
806151
806176
819153
801301
806224
808622
806218
819857
801322
801325
801327
801329
801331
801335
819878
808210
807790
807804
819903
808109
807811
815347
807818
808916
805628
805631
808131
809498
810190
808273
808292
808345
827241
810124
810131
808372
810165
808392
826013
825987
825818
808474
808512
808584
827195
827014
827036
827112
821709
821720
821735
821743
821750
821760
825474
825432
821771
821780
821789
821798
821807
823834
823810
821196
821207
820893
820913
820952
820994
821217
821250
821171
821264
821844
821865
821917
821976
822005
822026
822057
822064
822088
822097
822115
822133
822142
822156
822164
822257
822272
822193
822202
822216
817737
817009
817018
817030
817740
817742
817744
817405
823663
823677
817144
817153
823792
823865
817371
817754
817373
817756
817375
817377
817381
817758
817383
817385
817760
817387
817762
817389
817764
817391
817766
817768
817770
817393
817772
817395
823400
823421
817778
817780
826612
826598
817784
826648
826631
817788
827311
827296
801291
825840
826038
827279
801302
826074
826159
826339
801320
819852
801324
801328
801330
801332
826055
808191
825849
826139
807897
826017
815317
815332
826025
825845
805627
805632
825661
809485
823695
808232
808254
808293
808325
826496
827261
823715
823720
808373
810143
808393
826010
825990
808412
825820
808485
808525
808586
827194
827015
827038
827111
821736
822228
822234
821761
825472
825455
821772
821781
821790
821799
821808
823831
823813
821197
821208
820894
821051
821063
821071
821218
821251
821172
821265
821845
821866
821918
821977
822006
822027
822058
822065
822089
822098
822116
822134
822143
822157
822165
822258
822222
822194
822203
822217
809912
809952
801338
801344
801346
820634
801350
801352
809968
801356
801358
809977
801362
801364
801368
801370
801374
801376
809986
801380
820001
819973
801390
821533
821611
817553
801394
801398
801402
801407
801411
810316
824056
823978
820712
820719
823190
825668
825867
801337
801341
801343
801347
809960
801349
801353
826166
801355
801359
825676
801361
801365
801367
801371
801373
801377
825874
801379
801383
801387
801391
821532
821610
808945
801397
801400
801404
801408
801410
824069
820713
820720
823191
812588
823571
812609
812648
825115
812654
825121
812776
812800
812744
812821
825150
812730
812704
825154
823210
821618
821625
821632
812586
824530
812601
825090
826124
812651
825096
812657
823914
812788
825104
812811
825109
812831
826177
812690
812717
823211
821617
821624
821631
823180
801422
801428
823858
801435
822370
801449
825802
801464
801471
801473
820549
801485
826582
801488
806674
801493
822589
801502
820356
801509
801512
801515
824978
801520
801523
801528
801530
801533
801536
801538
801541
801544
826399
801546
801550
801552
801560
801562
801566
807830
801418
823132
826789
801431
826857
801445
801455
826865
826816
801469
801475
801481
820559
826663
801490
801496
801499
819114
801505
820364
801511
801516
801517
801521
820846
801527
801531
801534
801535
801539
801543
826405
801547
801549
801553
801559
801563
801565
816077
809294
809301
809308
819613
809336
809343
809211
819599
809259
809252
819552
809287
809172
819538
809202
819526
809022
808993
819514
809036
809070
816194
809117
809126
810280
810273
825929
816219
810245
826083
819478
814506
819484
814526
814480
819448
814211
813993
819142
814010
818723
814566
819498
814552
826110
813973
823328
819685
821645
821652
819702
819710
821660
821666
819716
819723
826061
825880
826068
809322
819605
825887
825893
809238
825899
819654
809273
819575
825905
809188
819545
808969
819532
826089
808998
819520
825911
809100
816211
825917
825923
822176
810266
810259
819460
810230
814499
819472
814514
819491
814533
814216
819454
826100
814027
819129
818721
818929
814548
819504
813995
826105
823327
819684
819695
821646
826170
819703
819709
821659
821667
819717
819728
822409
822400
825494
825601
825631
825587
817803
817813
817172
817819
826960
826976
826993
817821
817811
818594
818590
819188
818600
818213
818598
826465
826444
818215
826271
818592
818210
818602
818218
819190
825180
825036
819081
818221
818606
818223
819086
818224
801577
819964
801580
825860
820672
816047
801586
801589
801595
825736
816269
816285
816255
816299
816328
816313
806025
826522
806027
806030
806033
824343
824264
824372
824306
823289
823309
823242
823338
823346
818608
818616
818239
818614
818618
818240
818620
827133
827150
822356
822391
825513
825630
825588
825614
817802
817812
817173
817815
826959
826939
826994
817820
817810
818593
818589
819189
818599
818212
818597
826464
826446
818214
826272
818591
818211
818216
818601
818219
819191
825053
818220
818607
816155
818225
819957
816150
816106
819893
816113
816061
819780
816033
816009
825749
801596
825734
816268
816286
816253
816301
816241
819119
806019
826520
805956
806039
806031
805949
824334
824267
824281
824303
823286
823308
823245
823337
823347
818609
818617
818238
818615
818619
818241
827131
827152
1204198
1204211
1204230
1204244
1204255
1210908
1204268
1204279
1213215
1204316
1204328
1204384
1204395
1204409
1210926
1220030
1204422
1210974
1210991
1204436
1204447
1204453
1211107
1204472
1204486
1204501
1213570
1204515
1204532
1213700
1204546
1204559
1204571
1204586
1213527
1204615
1204632
1204638
1204672
1204682
1204697
1204699
1204703
1204731
1204750
1204766
1204787
1204808
1204825
1220011
1204861
1204878
1204924
1204937
1204950
1204982
1205012
1205045
1205071
1205088
1205135
1205152
1205157
1205165
1205168
1205175
1205193
1205204
1205215
1205225
1205262
1205269
1205290
1205303
1205320
1205330
1205375
1205341
1205380
1212001
1205409
1212115
1212216
1205432
1205452
1205473
1205493
1212649
1205517
1205528
1212588
1205553
1205562
1205567
1205590
1214005
1205607
1216505
1205623
1205636
1205658
1216538
1205680
1204193
1210841
1204216
1210856
1210872
1210909
1210882
1204273
1213229
1210895
1211075
1204390
1204401
1210141
1204415
1210972
1210993
1204428
1204442
1204458
1211829
1211816
1204478
1213571
1204507
1204521
1213699
1204538
1204552
1204565
1204577
1213528
1204607
1204621
1204643
1204650
1204665
1204688
1204695
1204701
1211853
1204716
1204737
1204761
1204781
1204798
1204816
1204841
1204869
1204886
1204904
1204944
1204967
1204997
1205028
1205062
1205105
1205122
1205139
1208976
1205166
1205169
1205182
1205189
1205200
1205211
1205230
1205246
1205276
1205286
1205297
1205310
1205324
1205335
1205349
1205364
1212094
1205384
1205395
1205421
1212116
1212218
1205440
1205463
1205478
1212662
1212645
1205508
1205532
1205541
1212611
1205572
1205583
1214006
1205612
1216506
1205627
1205632
1216589
1216530
1205668
1202590
1214853
1215236
1202595
1214869
1202614
1215092
1202627
1202648
1202691
1214938
1214955
1202705
1202720
1202742
1202753
1214988
1215003
1214805
1202779
1202785
1215252
1214894
1202827
1215017
1202844
1202855
1215043
1202885
1214715
1202901
1212170
1202921
1202949
1202964
1202977
1214881
1215026
1202574
1202564
1214854
1215248
1202599
1214871
1202610
1215091
1202631
1202663
1202676
1214939
1214954
1202701
1202724
1202738
1214972
1214987
1215002
1214806
1202766
1202789
1215250
1202803
1202814
1215018
1202840
1202859
1215044
1202872
1211641
1202912
1202929
1202917
1202938
1202960
1202981
1214882
1202993
1203021
1203035
1203057
1203071
1203082
1210205
1210190
1210172
1203090
1214373
1214321
1203124
1203148
1203172
1203184
1214253
1203221
1203254
1209860
1209873
1209888
1203303
1203331
1203342
1215811
1212938
1203400
1212842
1212863
1203428
1212916
1212901
1212955
1203468
1203016
1203076
1210220
1203084
1210189
1210173
1203095
1214322
1203110
1203136
1218332
1203188
1214215
1203206
1203239
1203266
1203271
1203317
1215809
1212935
1203361
1203387
1212840
1212865
1213274
1212903
1212957
1203440
1211907
1202011
1202024
1202053
1202067
1202093
1202118
1213741
1202146
1202172
1213105
1213122
1202201
1202230
1213036
1213041
1213672
1202263
1219462
1202308
1202337
1202365
1213087
1202380
1202408
1202436
1202464
1211870
1211954
1201998
1202040
1202078
1202105
1213742
1202132
1202160
1213106
1213121
1202186
1202215
1213133
1213721
1213673
1218170
1202248
1219461
1202278
1202290
1202322
1202353
1213088
1202373
1202394
1202422
1202451
1202475
1210440
1208701
1208760
1208886
1208789
1208942
1208944
1210477
1210478
1209020
1210488
1210523
1210543
1210560
1210573
1210582
1210590
1210598
1210600
1210601
1210609
1210618
1210628
1210637
1210647
1210659
1210744
1210736
1210728
1210715
1210705
1210696
1210687
1210679
1210661
1210571
1210561
1210536
1210524
1210505
1210487
1210474
1210465
1210446
1212455
1212463
1212473
1212479
1212489
1212496
1210441
1208703
1208758
1208809
1208941
1208943
1208945
1210476
1210479
1210749
1210491
1210527
1210551
1210570
1210574
1210583
1210589
1210597
1210599
1210602
1210610
1210619
1210629
1210638
1210648
1210660
1210745
1210737
1210729
1210716
1210706
1210697
1210688
1210678
1210669
1210572
1210552
1210542
1210525
1210504
1210494
1210489
1210475
1210466
1210447
1212454
1212464
1212472
1212480
1212484
1212495
1203495
1203506
1213891
1203536
1203561
1203589
1203615
1214063
1214118
1203642
1203654
1203679
1203704
1203762
1213060
1203788
1203793
1203825
1213986
1203831
1203850
1203866
1203886
1203922
1203927
1203957
1203984
1204010
1208108
1204038
1204064
1208121
1208147
1208161
1204091
1204117
1208180
1208199
1204142
1204153
1208226
1213680
1204181
1208240
1203481
1203513
1213892
1203524
1203549
1203573
1203604
1214062
1214117
1203631
1213398
1203649
1203665
1203692
1212725
1203774
1203799
1203813
1213985
1203845
1203861
1203871
1203896
1203909
1203931
1203944
1203972
1203998
1208110
1204023
1220832
1204052
1208134
1208151
1208176
1204076
1204105
1208190
1208208
1204159
1208230
1204168
1213686
1221092
1208260
1220745
1220750
1220755
1220760
1220765
1220770
1220775
1220786
1220780
1201066
1201076
1211784
1211770
1211760
1211750
1211740
1211731
1211724
1211717
1211706
1211692
1211682
1211663
1211653
1220816
1220811
1220805
1220800
1220795
1220790
1201054
1211787
1211772
1211761
1211752
1211741
1211732
1211725
1211716
1211708
1211693
1211665
1211654
1220561
1220578
1220588
1220593
1220599
1220609
1220603
1220613
1220579
1220589
1220594
1209531
1216039
1209558
1209577
1209585
1209598
1216002
1209606
1209614
1209652
1209669
1209685
1216048
1209621
1209634
1216019
1209644
1216067
1209567
1216070
1215823
1211204
1211218
1211236
1211248
1215987
1211264
1211276
1211285
1211296
1216118
1211309
1211317
1211325
1211334
1211343
1211352
1211360
1211368
1211378
1216161
1211387
1216170
1211395
1211490
1211499
1211509
1211560
1211574
1211585
1216210
1211424
1211433
1211445
1211451
1211461
1211471
1211515
1211528
1211535
1211550
1211628
1211626
1211624
1216081
1218990
1216040
1209548
1209578
1209586
1209594
1216001
1209615
1216006
1209674
1209684
1216049
1209622
1209632
1216018
1209646
1216068
1209568
1216077
1215822
1211206
1211221
1211229
1211247
1215986
1211266
1211278
1211286
1211298
1216119
1211310
1211318
1211326
1211335
1211344
1211353
1211361
1211369
1211379
1216162
1211388
1216171
1211396
1211491
1211501
1211510
1211562
1211575
1211586
1216211
1211425
1211434
1211444
1211455
1211465
1211475
1211522
1211531
1211539
1211634
1211629
1211627
1211625
1211410
1212281
1212292
1212303
1212310
1212320
1212333
1212347
1212362
1212372
1212382
1212390
1212398
1212405
1212414
1212423
1212431
1212441
1212282
1212302
1212311
1212319
1212336
1212348
1212359
1212374
1212383
1212391
1212407
1212406
1212415
1212424
1212432
1212443
1211066
1201100
1201125
1209092
1209162
1209176
1213963
1201159
1209059
1201185
1201211
1201222
1209076
1201254
1201283
1201298
1201333
1201365
1201399
1209204
1201430
1214212
1214238
1201453
1201481
1214080
1201510
1201541
1213650
1209243
1201606
1201637
1201671
1201705
1201735
1201751
1201787
1201823
1201853
1201899
1201959
1201118
1201087
1201112
1209091
1209161
1209178
1201145
1209189
1201171
1201197
1201217
1209070
1201240
1201270
1201292
1201315
1201350
1201382
1201406
1201419
1201410
1214209
1201469
1214081
1201497
1201525
1201558
1209241
1201589
1201620
1201653
1201687
1201719
1201767
1201805
1201839
1201867
1201883
1201911
1201941
1219551
1202527
1202549
1219560
1202522
1202537
