1114091
1118333
1118348
1114720
1118352
1118743
1120362
1118796
1118735
1118450
1114190
1118479
1114205
1125469
1114211
1117762
1114219
1117782
1117809
1117748
1113976
1117741
1108603
1117835
1117717
1118078
1108611
1108613
1114050
1108617
1118496
1126411
1114805
1114035
1108547
1118707
1118521
1108665
1119637
1122594
1118537
1114296
1118544
1108719
1123086
1122536
1118170
1122552
1122575
1108437
1115277
1119828
1108507
1119679
1119850
1108509
1126614
1108512
1119659
1122507
1119865
1125314
1119871
1122512
1119879
1108651
1119890
1108663
1119903
1108682
1119921
1108687
1108659
1119928
1119934
1119941
1119947
1115289
1115304
1115306
1115314
1115323
1119960
1119972
1119984
1119990
1121692
1121707
1121715
1121724
1121731
1114228
1118326
1118341
1114721
1118365
1118372
1118379
1118695
1123133
1120356
1118413
1118428
1118472
1114240
1118465
1114254
1118076
1117755
1114268
1117774
1117789
1117810
1117683
1108417
1117734
1108605
1118702
1108609
1117871
1108615
1117818
1126426
1114806
1108711
1108693
1119307
1118529
1108667
1119817
1108669
1108452
1108498
1122544
1120754
1122567
1122560
1122583
1108434
1119834
1108468
1108471
1108473
1119666
1108475
1108477
1108479
1119877
1108723
1119897
1108725
1119909
1108680
1119915
1108685
1108661
1108560
1108657
1108463
1108461
1108459
1108672
1122257
1119954
1119966
1119978
1119997
1121702
1121712
1121734
1111514
1108728
1114540
1113486
1115356
1115413
1115432
1115438
1115426
1111566
1115444
1116783
1111565
1111549
1115450
1108366
1118752
1111564
1114573
1111535
1111534
1115463
1111530
1111532
1111531
1122637
1122636
1122645
1122646
1115620
1115477
1115624
1115486
1115490
1115628
1114546
1116574
1115517
1115555
1115565
1116165
1115548
1111540
1115572
1111541
1115578
1111550
1122623
1115584
1115592
1115600
1118760
1108333
1118767
1108341
1108343
1108345
1108423
1108347
1115608
1108385
1108351
1108356
1111561
1108387
1108353
1111563
1108358
1115612
1115537
1115616
1115541
1111569
1108389
1108419
1111575
1113364
1108421
1119689
1119694
1119808
1118886
1123114
1118923
1108747
1108749
1108751
1119715
1117890
1108676
1108528
1114044
1115649
1108655
1115656
1108531
1115663
1108534
1115672
1115713
1120611
1115721
1117909
1108536
1122469
1120167
1108439
1115739
1108415
1115749
1108717
1108585
1122487
1113985
1123003
1123002
1108590
1123029
1123031
1108592
1120994
1121001
1108597
1121037
1121038
1108595
1121105
1121099
1108562
1108767
1125872
1108769
1125886
1108771
1108773
1119736
1119743
1119749
1119762
1119774
1119780
1121751
1121757
1126722
1121763
1119683
1122942
1117920
1123165
1118900
1108753
1108755
1108757
1119707
1115763
1117931
1108715
1115771
1108465
1115779
1108523
1115787
1108521
1115794
1115802
1115811
1117899
1108607
1115820
1122272
1108495
1122479
1108491
1115838
1108450
1108489
1122494
1108429
1123030
1123006
1108425
1108519
1108538
1121034
1121035
1121131
1121125
1108541
1121112
1121118
1108543
1121066
1108545
1125865
1108516
1108558
1108556
1125265
1108554
1119756
1119768
1121748
1118557
1118567
1118575
1118636
1121774
1121794
1126575
1114520
1121806
1126770
1114529
1114511
1114162
1126257
1118552
1118562
1114166
1121771
1118591
1114177
1118630
1126253
1121783
1126587
1121803
1126583
1121815
1111527
1111526
1114515
1108689
1108731
1108733
1108691
1108735
1108737
1125207
1125201
1125559
1125737
1125527
1108741
1125733
1108739
1125689
1113740
1125668
1125721
1125610
1125531
1126292
1125631
1125672
1125219
1125546
1113720
1113760
1125575
1108743
1113771
1112989
1119414
1108639
1116167
1108637
1108328
1115897
1108649
1108635
1108633
1108645
1108549
1116449
1108601
1108699
1108702
1115692
1108706
1126016
1126027
1112996
1108619
1108621
1116318
1108401
1108760
1108623
1108625
1118260
1108627
1108629
1108643
1108631
1116431
1108762
1108599
1108697
1108700
1108704
1126022
1126035
1108708
1113641
1119449
1108380
1108378
1122956
1122951
1108376
1111568
1111559
1111567
1118648
1108374
1108505
1126373
1108503
1113966
1108501
1113181
1118989
1111558
1108285
1108287
1108289
1108291
1108293
1108295
1108297
1108302
1108304
1108306
1108308
1108311
1108313
1108315
1108317
1113173
1113126
1120121
1112964
1113267
1113266
1113147
1113292
1113297
1113017
1113159
1113301
1113308
1113187
1108372
1111555
1111557
1113915
1113222
1113894
1113327
1113413
1114006
1114018
1113138
1108326
1111554
1111556
1113904
1113218
1113335
1121818
1114450
1114457
1114471
1116139
1108564
1116145
1108567
1116098
1108570
1113279
1111539
1108331
1111520
1121821
1114463
1111509
1114478
1116092
1108486
1108484
1116105
1116158
1108721
1111525
1119784
1119797
1118663
1118677
1126368
1122699
1116061
1115905
1116055
1122693
1120025
1116413
1120256
1108448
1125457
1108441
1126553
1122928
1122929
1111572
1121253
1118908
1118915
1123124
1121288
1116112
1113460
1108572
1116119
1116126
1116133
1115240
1118020
1117850
1108577
1126175
1126184
1108580
1111553
1115964
1126319
1108653
1119790
1118656
1118670
1119804
1122706
1115912
1115979
1115972
1126790
1120291
1120018
1116424
1121401
1120040
1121394
1121387
1126006
1125944
1120683
1111548
1117979
1125925
1111547
1111546
1111545
1111544
1118894
1119383
1123210
1111543
1111542
1115921
1108391
1115929
1115937
1108393
1115946
1111570
1115246
1117857
1118013
1118957
1108398
1108410
1108764
1108413
1113473
1125769
1125836
1125835
1125812
1125805
1125799
1125794
1123302
1123265
1123282
1122380
1123270
1126526
1125829
1125348
1125353
1125359
1123287
1123276
1122394
1123261
1123256
1122412
