404356
402518
402516
402214
402212
402210
402835
414294
414295
402513
414025
402512
402510
414028
416736
414031
402837
401952
414032
406623
405046
414039
405270
402207
405580
414480
400615
402205
401568
400049
406056
407233
406057
405269
400764
400270
404350
401485
400324
404873
414035
402503
402203
401826
401828
401829
402502
414041
401954
402069
408154
408602
408604
409956
409958
409960
416929
402491
416930
416449
414707
402489
414831
414830
414829
405742
402482
402086
402088
402090
402091
402094
402096
408152
408151
408606
402522
403267
402521
406065
402517
402505
402515
402213
402211
402209
414046
402834
402514
414306
402511
402509
414050
402507
414056
402836
402208
401951
414053
405583
401756
414060
414311
402206
405585
414058
400516
402204
401476
400993
406063
407238
406064
405274
405276
405275
402504
404358
401526
404360
414043
404877
414057
401825
401827
402501
401830
408164
402068
408165
408615
411075
409966
409968
416940
402490
416943
416459
414719
402488
414839
414840
414838
414837
402483
405746
402085
402089
402087
402092
402093
402095
408166
402098
408619
406788
406789
406790
406791
406792
409478
409479
409480
409481
406793
406794
406795
406796
407239
403471
404365
400108
400154
405279
400649
400715
403329
400436
400221
404370
403475
405586
400416
405281
404378
400832
400073
400278
400298
400100
403280
400655
401381
400103
402202
402479
407990
404381
407992
407987
400048
401687
400736
400438
400345
400389
401681
401746
400323
400171
400579
400532
402476
400251
400197
400494
401684
401002
400946
400748
401390
400406
400224
404668
400083
402480
402201
402481
402200
407995
404385
408000
407997
400989
400101
400617
400413
401689
400747
400354
401683
400800
400600
400616
400619
401423
400550
400878
400289
401692
400604
400580
401482
403744
401674
401679
401677
401682
401680
401666
401678
402039
402041
402043
402045
402047
401706
401702
401696
401694
401701
402049
402051
402038
402040
402042
402044
402046
401704
401703
401693
401700
401699
402048
402050
402814
402815
402816
402817
404896
404921
404886
404923
404885
404906
404891
404908
404889
404910
404892
404912
404894
404914
404897
404898
404899
401546
404400
401892
401657
401671
405450
403430
401513
403998
405589
400679
401198
400432
400728
400612
408632
401079
415253
401901
401239
402062
400329
401509
401575
401195
400027
401558
401045
400182
400445
400443
401221
405754
401228
406652
400770
401895
417277
416790
401243
401551
401209
401260
400082
400976
400838
400430
400865
400902
401269
400660
401070
401058
415255
401090
415254
400478
403946
403276
403458
400124
403460
408634
401793
404401
407865
400829
400622
402174
408178
404388
409100
404390
407869
402079
407866
410772
402239
411793
402235
410778
402002
410774
410775
410776
413094
410741
413371
401318
410756
401781
401784
401787
401789
413372
401791
410745
404391
401151
402004
401879
412683
410742
411792
413373
403455
413374
413375
412684
411113
410764
413380
413377
401878
413376
411118
409998
410761
413091
408464
410752
410767
408784
410750
410755
411116
402241
402243
402245
402246
403425
402248
402250
402251
402255
402257
402259
402261
402263
402264
402266
402268
402270
402827
414758
404918
404920
404883
404922
404884
404905
404887
404907
404888
404909
404890
404911
404893
404913
404895
404915
404916
404917
404415
404416
401503
407750
401539
401211
405602
400691
400126
401242
400009
400176
400060
401524
401066
401900
401234
401052
409584
400628
400079
400755
401229
400470
400819
401041
400378
400113
400361
401253
405763
415263
401256
406660
401894
417288
416774
401197
401571
401215
411149
400411
400538
400465
400929
401480
400313
401230
400301
401084
401081
401083
401226
415264
400707
401274
400235
403459
400501
403461
401673
401395
404407
401646
401636
401638
400337
400128
404745
404408
409107
400074
404409
404410
407883
402077
414093
402238
411804
402234
410820
410824
410825
410826
410829
401219
410790
401216
401782
401785
401786
401788
413389
401790
410791
410782
404413
402003
401152
401155
412696
410779
411131
411132
410803
411134
411137
409232
410817
410814
401877
413390
410811
408790
410808
410805
408473
410788
401923
410786
411141
411140
402240
402242
402244
403426
402247
402249
402252
402253
402254
402256
402258
402260
402262
402265
402267
402269
400729
404439
401880
400410
413716
400132
400444
400145
400268
401555
400052
400461
400750
400148
400336
400713
400485
400822
400464
400688
404434
400222
400952
401210
400507
400185
400677
404435
407344
407321
407331
407341
407339
407337
402060
407336
407335
407328
407342
407325
407323
400174
404442
404448
400963
400894
400577
400754
400519
400637
400085
400690
400059
400717
400772
400700
400017
400934
400792
400907
400213
404444
400582
400097
401224
400828
400648
400209
407370
407373
407372
407364
402061
407361
407360
407352
407367
407348
400528
407374
400869
400149
401937
405613
400280
401129
401957
404451
400178
401567
404452
401597
400418
400654
400664
404453
400258
400916
400563
402056
402059
402118
409524
409525
409526
401817
400842
401154
401958
404462
400457
401457
405619
401606
400257
400040
400837
404461
400995
400065
400236
402057
402058
402117
409528
409529
401816
401547
417374
401453
401012
401426
400861
400314
401053
409614
401402
401343
400683
406688
406685
406695
401223
417405
405644
400504
401431
400905
400162
401065
409635
401298
401394
401305
400071
406713
406716
406719
409868
402294
409869
402296
409870
402298
402008
409893
402300
409858
402302
409865
402011
409889
409884
414192
409892
410112
409878
409881
409873
402314
409872
410515
410106
401592
409856
402321
410108
409859
409880
402327
409877
402328
411233
413786
401581
401578
401586
410099
401660
401663
410096
402337
402339
410097
402341
410098
407429
401662
402343
401670
410100
400237
402345
401658
410083
410084
402347
400181
400014
402350
400474
404519
402353
400858
413782
402355
400325
400591
402356
402358
413205
400195
402359
401908
400804
402361
400400
401890
400996
400668
402362
400965
400001
404753
402364
400863
400911
400760
400964
400227
404521
400353
401994
400246
402366
400168
400790
402370
401996
401997
404522
401998
402372
401534
401948
401507
401949
402376
402377
402379
402380
404529
400859
404533
400981
402398
404534
401474
400388
401927
401653
401872
405673
401874
405679
401835
404531
404532
401834
401833
401929
401652
401882
401832
401869
401859
401910
401443
402383
401914
400661
400291
400107
400645
405859
402385
402387
405827
402389
405848
403261
400753
400720
401199
400935
400527
400007
400817
400420
400797
400381
400441
403258
401336
400119
401411
400975
413195
400593
400125
400331
400010
400473
400039
400316
400503
400540
405843
408093
402390
401448
402391
400497
405841
404520
400183
401469
401472
405838
400260
404528
401795
401358
400255
401934
401277
400868
401409
401516
406871
401819
409306
402553
402555
402557
402559
402561
402563
402565
402567
402569
402571
402573
402575
402577
402579
402581
402583
402585
401624
402587
402140
402141
402142
403317
403315
403313
402589
402591
402593
402595
402597
402599
402601
400656
400428
400630
400598
400283
400349
400962
401616
400768
400214
400390
405367
405369
405386
402607
405373
405374
402609
402612
405377
405384
402613
402615
402617
402619
402621
412392
402623
402631
402633
415657
415667
415649
406287
406289
402639
402641
402643
402645
406551
412398
412395
402649
416587
402651
406553
402655
402657
406554
402659
402661
406556
409663
406557
402663
409664
402665
409666
406558
402667
406562
406564
401758
401605
420141
402671
401598
402673
402675
401603
401602
402677
402125
402128
402129
402132
402133
402135
402138
409674
410502
409671
409673
409668
409683
410505
409678
409681
410504
402698
402701
402703
402704
402706
402708
402710
402712
402713
403270
402717
402719
402721
402723
402725
402727
402729
403271
402734
402736
402739
402753
402742
402744
402746
402748
402602
402751
402754
402756
402758
402760
402765
402767
402604
402769
402763
406742
402773
402775
402777
402779
409926
402295
409927
402297
409928
402299
408716
409933
402301
409919
402303
409935
402010
402106
401691
414227
409948
410167
409943
409924
409931
410563
410163
409462
401589
409918
402322
410165
409929
409941
409940
402329
409938
409942
409946
401579
410157
410153
410155
401668
410150
402338
402340
410151
402342
410152
407439
402344
401661
410158
400223
410169
402346
401669
410142
410143
402348
401881
404547
402349
402351
400742
402352
400978
406151
413820
400891
413814
402357
400138
416623
402360
401906
401891
400160
400440
402363
400109
400922
400394
402365
400172
400586
400895
400206
400372
400069
402367
400794
400643
400904
404553
402371
400330
400743
400545
400435
402373
401936
401926
400264
402000
402378
404561
404563
402381
404558
400425
400733
404559
402122
400578
404560
401467
400783
401913
401649
401873
404572
401875
401837
401876
404573
404574
401860
401861
401928
401651
401883
401868
401870
401831
402382
402384
401439
401446
400272
400531
400884
407007
402386
402388
405877
403262
400263
400730
401233
400002
400106
400621
401000
400787
400098
400421
400439
403259
401634
401631
400568
400657
401515
400784
400484
400977
400340
400116
400763
400886
406032
400766
401523
408101
401451
408098
402392
400781
405900
404575
400744
401462
401501
405870
400641
404569
401454
401357
401935
401285
400043
401410
401408
401405
401820
409335
402554
402556
402558
402560
402562
402564
402566
402568
402570
402572
402574
402576
402578
402580
402582
402584
400547
402586
402588
402139
403316
403314
416911
403312
402590
402592
402594
402596
402598
402600
400382
400011
400525
400782
400460
400727
400392
400620
400304
400143
400513
400000
405389
402605
402606
405390
405406
402608
405395
405398
402610
402611
405399
405394
402614
402616
402618
402620
402622
412439
402624
402632
402634
415697
415704
402005
406302
406305
402640
402642
402644
402646
406573
412443
412446
402650
416620
402652
406575
403303
402658
406577
402660
402662
406578
409712
406579
402664
409715
402666
409717
406586
402668
401766
401728
418244
401595
401601
402672
401604
402674
402676
401599
401609
402124
402126
402127
402130
402131
402134
402136
402137
409720
409722
409724
409733
409725
410553
410547
409728
409730
410550
402702
410545
402705
402707
402709
402711
402714
402716
402718
402720
402722
402724
402726
402728
402730
402731
402733
402735
402737
402738
402740
402741
402743
402745
402747
402749
402603
402752
402755
402757
402759
402761
402766
402768
402762
402770
402764
406760
402774
402776
402778
402780
404585
400970
400973
400567
400104
400296
400873
401351
400581
404586
400687
400274
418663
400096
400201
400449
401014
400158
413845
406766
405694
401841
400050
400646
402532
401392
406767
405698
401686
400115
400297
402533
401385
414247
401282
414248
401393
400521
401537
414249
400112
414250
401289
414251
401399
400596
414252
400307
414253
401403
401655
401808
403402
400799
400953
401810
413878
414284
401942
413877
414694
401167
405701
407710
401400
400714
400414
400560
400499
419057
401845
400726
403318
400319
403320
403323
400276
401213
401016
400028
403327
400703
400338
404617
404618
400156
400676
401486
400575
400322
400573
401391
401809
403401
403404
403406
401811
403409
403412
401943
402067
403414
401327
403419
401163
407711
401388
400292
400429
400084
400673
400823
404640
401846
400807
403319
400350
403321
403324
403904
403906
403328
403908
403910
401512
403902
404647
404648
400746
400397
400318
401470
400552
401018
400231
402420
402424
402410
402032
402408
402031
402406
402030
402430
402404
402026
402402
405706
402400
402434
402435
412930
403399
403396
401564
401412
402439
400153
416731
402418
402417
403227
400986
400625
401852
401433
400111
402442
406609
401006
400892
402017
407964
401695
406605
402015
402222
402446
402448
402450
402452
402454
402455
402224
401854
402226
406604
406602
403223
402457
402539
402537
401856
401858
400492
400692
402105
400948
400302
400261
400026
401452
401548
400203
401481
401899
400489
400075
417212
420279
401218
405029
405024
400395
407017
400216
400202
400359
400639
402419
402421
402423
402409
402425
402217
402033
402407
402426
402218
402029
402405
402028
402429
402403
402025
402401
402027
402399
402433
412950
403393
403391
401531
400334
402007
403103
402438
402416
413635
403228
402019
402020
401851
400816
402443
402016
402018
402444
410686
402445
402012
402221
402447
402449
402451
402453
402456
402223
401853
402225
406614
402227
403219
402228
402538
406613
401855
401857
400549
401015
400031
402104
400339
400308
401017
400950
401447
401483
400606
401478
401898
400480
400815
417234
420298
401208
405034
405030
400407
407023
400867
400675
400734
400738
403266
407172
407173
407165
407167
407170
407176
407177
407179
407180
407181
407157
407155
407153
407174
407161
407152
407151
407150
407148
407163
407162
403244
400870
411716
400232
403246
401583
403250
403257
400376
413980
402794
413983
413984
413985
402796
402799
401608
401697
401582
401587
401594
400335
400546
401434
401593
401359
401917
401102
400880
400212
406906
401487
401279
401955
401468
401441
400118
400988
401107
401098
401422
400152
400972
400090
400554
401314
400207
401112
401104
400712
400450
407463
407462
401724
401924
401444
400636
400933
401373
400785
400150
400303
401566
404683
400211
400025
404694
400801
401095
401542
400078
400814
401407
407464
404684
404696
400505
401762
401778
401770
401742
400184
407452
407457
407455
407456
401718
405924
401113
401780
404687
404690
401768
402411
402541
402151
402153
402155
402158
407460
400295
404692
400369
400287
401424
400551
400805
400665
418817
407194
400535
407196
407197
407202
407204
407206
407207
407187
407186
407200
407191
407190
407185
407184
403237
403240
403243
403245
400791
403169
400695
403247
400602
403251
403254
400566
402793
403226
414015
414016
402795
402797
402798
403332
403334
403337
403338
403340
403343
403346
403349
401596
403352
401705
401590
401580
401722
402103
400818
401588
401356
401918
401126
400696
400553
401461
401347
401288
401956
400446
401950
400105
400958
401103
401114
401420
400741
400437
400767
401328
400401
401124
401999
401097
400852
400393
407487
407486
401744
401925
401437
400053
401484
401366
400169
400749
401794
401519
401889
400774
401840
401344
401818
402072
401110
401056
401111
407475
400208
400883
401522
401283
400193
401280
400037
401734
400110
401774
401748
407469
407479
407471
407473
405930
401496
401100
401720
404727
404728
404730
401750
400756
402412
402545
402543
402542
402466
402465
402413
407477
407476
400265
404709
400961
400044
401421
400462
401488
402464
401134
402528
401148
408306
408907
400951
400057
400147
400343
401560
400045
400122
401541
402281
402283
402285
402286
400088
413026
401464
401489
401538
402290
402292
401643
402800
402828
407219
402789
408755
402802
408756
400189
400309
400417
400249
401639
400662
400141
400761
400490
401888
400137
400716
401545
401011
400674
400539
400534
401062
401529
401613
400536
400488
401561
400611
400928
400284
400041
408133
408135
417665
412637
417666
408134
400685
401003
400898
400275
400939
400180
400529
400990
400515
400252
400788
401517
401871
400574
401629
400422
400333
410363
400360
400955
400495
400608
400949
400678
400341
400607
400094
400682
408138
400980
401333
401142
404746
400218
400983
400765
400923
400844
401143
401611
408911
400723
400514
400709
400253
400508
403265
403225
401440
400030
400479
404759
400971
402121
402282
402284
402120
402287
400238
402119
402291
402293
401642
401637
402801
402829
407221
402788
408757
402803
400409
400941
400698
400363
400739
400468
400778
400576
401362
400810
400248
401557
400451
400686
400186
400565
400839
401073
401038
401614
400067
400853
400006
401716
401240
401450
400038
400681
400634
408140
408142
417676
400427
408141
401475
400321
400463
400670
400383
400666
400312
400146
400486
401072
400225
401068
400091
400942
401621
400192
400228
410370
400442
400134
400740
400793
400956
400498
400190
400669
400570
401710
400835
400609
401714
401339
401141
401708
404761
400454
400300
400093
400242
400659
401156
401190
401144
401615
401413
401896
400642
401273
401137
401610
401416
401911
